Size: 128
kernel: 3
[0 1 ]
[-0.5 0 0.5 ]
[
[0.892497 0.320734 0.737729 0.310649 0.105668 ]
[
[1.34218 -0.235244 -0.62006 -0.0415576 -0.0445499 ]
[
Processing time: 2265 (µs)
GFLOPS: 0.13
Size: 128
kernel: 5
[-0.25 -0.2 0 0.2 0.25 ]
[
[0.545479 0.328516 0.984271 0.0404586 0.918672 ]
[
[1.43908 -0.247333 -1.20084 -0.645326 0.669761 ]
[
Processing time: 3455 (µs)
GFLOPS: 0.237
Size: 256
kernel: 3
[0 1 ]
[-0.5 0 0.5 ]
[
[0.114084 0.814822 0.651978 0.234715 0.783822 ]
[
[-1.2343 0.346103 1.41115 -0.242437 -0.50702 ]
[
Processing time: 3414 (µs)
GFLOPS: 0.345
Size: 256
kernel: 5
[-0.25 -0.2 0 0.2 0.25 ]
[
[0.945194 0.123959 0.474347 0.168814 0.517228 ]
[
[0.527696 0.0688645 -0.795557 -1.27286 -0.185818 ]
[
Processing time: 9894 (µs)
GFLOPS: 0.331
Size: 512
kernel: 3
[0 1 ]
[-0.5 0 0.5 ]
[
[0.610709 0.9745 0.0181792 0.326193 0.55229 ]
[
[1.08698 0.263169 -0.530507 -0.0664465 -0.0940453 ]
[
Processing time: 13604 (µs)
GFLOPS: 0.346
Size: 512
kernel: 5
[-0.25 -0.2 0 0.2 0.25 ]
[
[0.400223 0.148307 0.486627 0.35398 0.78855 ]
[
[-1.19648 -0.572631 0.519928 0.806054 0.106804 ]
[
Processing time: 33865 (µs)
GFLOPS: 0.387
Size: 1024
kernel: 3
[0 1 ]
[-0.5 0 0.5 ]
[
[0.751916 0.415809 0.600915 0.286806 0.618718 ]
[
[-0.476574 -0.222983 0.378433 0.293288 -0.0528845 ]
[
Processing time: 56681 (µs)
GFLOPS: 0.332
Size: 1024
kernel: 5
[-0.25 -0.2 0 0.2 0.25 ]
[
[0.290836 0.761616 0.044459 0.423564 0.202924 ]
[
[0.803535 0.455607 0.104801 0.301315 0.492813 ]
[
Processing time: 136543 (µs)
GFLOPS: 0.383
Size: 2048
kernel: 3
[0 1 ]
[-0.5 0 0.5 ]
[
[0.511129 0.35101 0.404031 0.968855 0.386219 ]
[
[1.11298 0.454921 -0.32163 -0.199164 -0.390679 ]
[
Processing time: 224942 (µs)
GFLOPS: 0.335
Size: 2048
kernel: 5
[-0.25 -0.2 0 0.2 0.25 ]
[
[0.939116 0.856892 0.257237 0.830492 0.894441 ]
[
[0.86408 0.673024 -0.0721222 -0.41307 -0.169495 ]
[
Processing time: 552315 (µs)
GFLOPS: 0.379
